Time,CurrentSize,AverageSize
0,0,0
0.01,0,0
0.02,0,0
0.03,0,0
0.04,0,0
0.05,0,0
0.06,0,0
0.07,0,0
0.08,0,0
0.09,0,0
0.1,0,0
0.11,0,0
0.12,0,0
0.13,0,0
0.14,0,0
0.15,0,0
0.16,0,0
0.17,0,0
0.18,0,0
0.19,0,0
0.2,0,0
0.21,0,0
0.22,0,0
0.23,0,0
0.24,0,0
0.25,0,0
0.26,0,0
0.27,0,0
0.28,0,0
0.29,0,0
0.3,0,0
0.31,0,0
0.32,0,0
0.33,0,0
0.34,0,0
0.35,0,0
0.36,0,0
0.37,0,0
0.38,0,0
0.39,0,0
0.4,0,0
0.41,0,0
0.42,0,0
0.43,0,0
0.44,0,0
0.45,0,0
0.46,0,0
0.47,0,0
0.48,0,0
0.49,0,0
0.5,0,0
0.51,0,0
0.52,0,0
0.53,0,0
0.54,0,0
0.55,0,0
0.56,0,0
0.57,0,0
0.58,0,0
0.59,0,0
0.6,0,0
0.61,0,0
0.62,0,0
0.63,0,0
0.64,0,0
0.65,0,0
0.66,0,0
0.67,0,0
0.68,0,0
0.69,0,0
0.7,0,0
0.71,0,0
0.72,0,0
0.73,0,0
0.74,0,0
0.75,0,0
0.76,0,0
0.77,0,0
0.78,0,0
0.79,0,0
0.8,0,0
0.81,0,0
0.82,0,0
0.83,0,0
0.84,0,0
0.85,0,0
0.86,0,0
0.87,0,0
0.88,0,0
0.89,0,0
0.9,0,0
0.91,0,0
0.92,0,0
0.93,0,0
0.94,0,0
0.95,0,0
0.96,0,0
0.97,0,0
0.98,0,0
0.99,0,0
1,0,0
1.01,0,0
1.02,0,0
1.03,0,0
1.04,0,0
1.05,0,0
1.06,0,0
1.07,0,0
1.08,0,0
1.09,0,0
1.1,0,0
1.11,0,0
1.12,0,0
1.13,0,0
1.14,0,0
1.15,0,0
1.16,0,0
1.17,0,0
1.18,0,0
1.19,0,0
1.2,0,0
1.21,0,0
1.22,0,0
1.23,0,0
1.24,0,0
1.25,0,0
1.26,0,0
1.27,0,0
1.28,0,0
1.29,0,0
1.3,0,0
1.31,0,0
1.32,0,0
1.33,0,0
1.34,0,0
1.35,0,0
1.36,0,0
1.37,0,0
1.38,0,0
1.39,0,0
1.4,0,0
1.41,0,0
1.42,0,0
1.43,0,0
1.44,0,0
1.45,0,0
1.46,0,0
1.47,0,0
1.48,0,0
1.49,0,0
1.5,0,0
1.51,0,0
1.52,0,0
1.53,0,0
1.54,0,0
1.55,0,0
1.56,0,0
1.57,0,0
1.58,0,0
1.59,0,0
1.6,0,0
1.61,0,0
1.62,0,0
1.63,0,0
1.64,0,0
1.65,0,0
1.66,0,0
1.67,0,0
1.68,0,0
1.69,0,0
1.7,0,0
1.71,0,0
1.72,0,0
1.73,0,0
1.74,0,0
1.75,0,0
1.76,0,0
1.77,0,0
1.78,0,0
1.79,0,0
1.8,0,0
1.81,0,0
1.82,0,0
1.83,0,0
1.84,0,0
1.85,0,0
1.86,0,0
1.87,0,0
1.88,0,0
1.89,0,0
1.9,0,0
1.91,0,0
1.92,0,0
1.93,0,0
1.94,0,0
1.95,0,0
1.96,0,0
1.97,2,2
1.98,3,5
1.99,4,9
2,5,14
2.01,7,21
2.02,8,29
2.03,9,38
2.04,10,48
2.05,12,60
2.06,13,73
2.07,14,87
2.08,15,102
2.09,17,119
2.1,18,137
2.11,19,156
2.12,20,176
2.13,21,197
2.14,23,220
2.15,24,244
2.16,25,269
2.17,26,295
2.18,28,323
2.19,29,352
2.2,30,382
2.21,31,413
2.22,33,446
2.23,34,480
2.24,35,515
2.25,36,551
2.26,38,589
2.27,39,628
2.28,40,668
2.29,41,709
2.3,42,751
2.31,44,795
2.32,45,840
2.33,46,886
2.34,47,933
2.35,49,982
2.36,50,1032
2.37,51,1083
2.38,52,1135
2.39,54,1189
2.4,55,1244
2.41,56,1300
2.42,57,1357
2.43,59,1416
2.44,60,1476
2.45,61,1537
2.46,62,1599
2.47,63,1662
2.48,65,1727
2.49,66,1793
2.5,67,1860
2.51,68,1928
2.52,70,1998
2.53,71,2069
2.54,72,2141
2.55,73,2214
2.56,75,2289
2.57,76,2365
2.58,77,2442
2.59,78,2520
2.6,80,2600
2.61,81,2681
2.62,82,2763
2.63,83,2846
2.64,84,2930
2.65,86,3016
2.66,87,3103
2.67,88,3191
2.68,89,3280
2.69,91,3371
2.7,92,3463
2.71,93,3556
2.72,94,3650
2.73,96,3746
2.74,97,3843
2.75,98,3941
2.76,99,4040
2.77,100,4140
2.78,100,4240
2.79,100,4340
2.8,100,4440
2.81,99,4539
2.82,100,4639
2.83,100,4739
2.84,100,4839
2.85,99,4938
2.86,100,5038
2.87,100,5138
2.88,100,5238
2.89,100,5338
2.9,100,5438
2.91,100,5538
2.92,100,5638
2.93,100,5738
2.94,100,5838
2.95,100,5938
2.96,100,6038
2.97,100,6138
2.98,99,6237
2.99,100,6337
3,100,6437
3.01,100,6537
3.02,100,6637
3.03,100,6737
3.04,100,6837
3.05,100,6937
3.06,100,7037
3.07,100,7137
3.08,100,7237
3.09,100,7337
3.1,100,7437
3.11,100,7537
3.12,100,7637
3.13,100,7737
3.14,100,7837
3.15,99,7936
3.16,100,8036
3.17,100,8136
3.18,100,8236
3.19,100,8336
3.2,100,8436
3.21,100,8536
3.22,100,8636
3.23,100,8736
3.24,100,8836
3.25,100,8936
3.26,100,9036
3.27,100,9136
3.28,100,9236
3.29,100,9336
3.3,100,9436
3.31,100,9536
3.32,99,9635
3.33,100,9735
3.34,100,9835
3.35,100,9935
3.36,100,10035
3.37,100,10135
3.38,100,10235
3.39,100,10335
3.4,100,10435
3.41,100,10535
3.42,100,10635
3.43,100,10735
3.44,100,10835
3.45,100,10935
3.46,100,11035
3.47,100,11135
3.48,100,11235
3.49,99,11334
3.5,100,11434
3.51,100,11534
3.52,100,11634
3.53,100,11734
3.54,100,11834
3.55,100,11934
3.56,100,12034
3.57,100,12134
3.58,100,12234
3.59,100,12334
3.6,100,12434
3.61,100,12534
3.62,100,12634
3.63,100,12734
3.64,100,12834
3.65,100,12934
3.66,99,13033
3.67,100,13133
3.68,100,13233
3.69,100,13333
3.7,100,13433
3.71,100,13533
3.72,100,13633
3.73,100,13733
3.74,100,13833
3.75,100,13933
3.76,100,14033
3.77,100,14133
3.78,100,14233
3.79,100,14333
3.8,100,14433
3.81,100,14533
3.82,100,14633
3.83,99,14732
3.84,100,14832
3.85,100,14932
3.86,100,15032
3.87,100,15132
3.88,100,15232
3.89,100,15332
3.9,100,15432
3.91,100,15532
3.92,100,15632
3.93,100,15732
3.94,100,15832
3.95,100,15932
3.96,100,16032
3.97,100,16132
3.98,100,16232
3.99,100,16332
4,99,16431
4.01,100,16531
4.02,100,16631
4.03,100,16731
4.04,100,16831
4.05,100,16931
4.06,100,17031
4.07,100,17131
4.08,100,17231
4.09,100,17331
4.1,100,17431
4.11,100,17531
4.12,100,17631
4.13,100,17731
4.14,100,17831
4.15,100,17931
4.16,100,18031
4.17,99,18130
4.18,100,18230
4.19,100,18330
4.2,100,18430
4.21,100,18530
4.22,100,18630
4.23,100,18730
4.24,100,18830
4.25,100,18930
4.26,100,19030
4.27,100,19130
4.28,100,19230
4.29,100,19330
4.3,100,19430
4.31,100,19530
4.32,100,19630
4.33,100,19730
4.34,99,19829
4.35,100,19929
4.36,100,20029
4.37,100,20129
4.38,100,20229
4.39,100,20329
4.4,100,20429
4.41,100,20529
4.42,100,20629
4.43,100,20729
4.44,100,20829
4.45,100,20929
4.46,100,21029
4.47,100,21129
4.48,100,21229
4.49,100,21329
4.5,100,21429
4.51,99,21528
4.52,99,21627
4.53,99,21726
4.54,99,21825
4.55,99,21924
4.56,99,22023
4.57,99,22122
4.58,99,22221
4.59,94,22315
4.6,94,22409
4.61,94,22503
4.62,94,22597
4.63,94,22691
4.64,94,22785
4.65,89,22874
4.66,89,22963
4.67,89,23052
4.68,89,23141
4.69,89,23230
4.7,89,23319
4.71,89,23408
4.72,83,23491
4.73,83,23574
4.74,83,23657
4.75,83,23740
4.76,83,23823
4.77,83,23906
4.78,78,23984
4.79,78,24062
4.8,78,24140
4.81,78,24218
4.82,78,24296
4.83,78,24374
4.84,74,24448
4.85,74,24522
4.86,74,24596
4.87,74,24670
4.88,74,24744
4.89,74,24818
4.9,74,24892
4.91,69,24961
4.92,69,25030
4.93,69,25099
4.94,69,25168
4.95,69,25237
4.96,69,25306
4.97,69,25375
4.98,65,25440
4.99,65,25505
5,65,25570
5.01,65,25635
5.02,65,25700
5.03,65,25765
5.04,60,25825
5.05,60,25885
5.06,60,25945
5.07,60,26005
5.08,60,26065
5.09,60,26125
5.1,60,26185
5.11,55,26240
5.12,56,26296
5.13,56,26352
5.14,56,26408
5.15,56,26464
5.16,56,26520
5.17,51,26571
5.18,51,26622
5.19,51,26673
5.2,51,26724
5.21,51,26775
5.22,51,26826
5.23,51,26877
5.24,46,26923
5.25,46,26969
5.26,46,27015
5.27,46,27061
5.28,46,27107
5.29,46,27153
5.3,42,27195
5.31,42,27237
5.32,42,27279
5.33,42,27321
5.34,42,27363
5.35,42,27405
5.36,37,27442
5.37,37,27479
5.38,37,27516
5.39,37,27553
5.4,36,27589
5.41,36,27625
5.42,36,27661
5.43,33,27694
5.44,33,27727
5.45,33,27760
5.46,33,27793
5.47,33,27826
5.48,33,27859
5.49,28,27887
5.5,28,27915
5.51,28,27943
5.52,28,27971
5.53,28,27999
5.54,26,28025
5.55,26,28051
5.56,24,28075
5.57,24,28099
5.58,24,28123
5.59,24,28147
5.6,24,28171
5.61,24,28195
5.62,19,28214
5.63,19,28233
5.64,19,28252
5.65,19,28271
5.66,19,28290
5.67,19,28309
5.68,15,28324
5.69,15,28339
5.7,15,28354
5.71,15,28369
5.72,15,28384
5.73,15,28399
5.74,15,28414
5.75,10,28424
5.76,10,28434
5.77,10,28444
5.78,10,28454
5.79,10,28464
5.8,10,28474
5.81,10,28484
5.82,6,28490
5.83,6,28496
5.84,6,28502
5.85,6,28508
5.86,6,28514
5.87,6,28520
5.88,1,28521
5.89,1,28522
5.9,1,28523
5.91,1,28524
5.92,1,28525
5.93,1,28526
5.94,1,28527
5.95,1,28528
5.96,0,28528
5.97,0,28528
5.98,0,28528
5.99,0,28528
6,0,28528
6.01,0,28528
6.02,0,28528
6.03,0,28528
6.04,0,28528
6.05,0,28528
6.06,0,28528
6.07,0,28528
6.08,0,28528
6.09,0,28528
6.1,0,28528
6.11,0,28528
6.12,0,28528
6.13,0,28528
6.14,0,28528
6.15,0,28528
6.16,0,28528
6.17,0,28528
6.18,0,28528
6.19,0,28528
6.2,0,28528
6.21,0,28528
6.22,0,28528
6.23,0,28528
6.24,0,28528
6.25,0,28528
6.26,0,28528
6.27,0,28528
6.28,0,28528
6.29,0,28528
6.3,0,28528
6.31,0,28528
6.32,0,28528
6.33,0,28528
6.34,0,28528
6.35,0,28528
6.36,0,28528
6.37,0,28528
6.38,0,28528
6.39,0,28528
6.4,0,28528
6.41,0,28528
6.42,0,28528
6.43,0,28528
6.44,0,28528
6.45,0,28528
6.46,0,28528
6.47,0,28528
6.48,0,28528
6.49,0,28528
6.5,0,28528
6.51,0,28528
6.52,0,28528
6.53,0,28528
6.54,0,28528
6.55,0,28528
6.56,0,28528
6.57,0,28528
6.58,0,28528
6.59,0,28528
6.6,0,28528
6.61,0,28528
6.62,0,28528
6.63,0,28528
6.64,0,28528
6.65,0,28528
6.66,0,28528
6.67,0,28528
6.68,0,28528
6.69,0,28528
6.7,0,28528
6.71,0,28528
6.72,0,28528
6.73,0,28528
6.74,0,28528
6.75,0,28528
6.76,0,28528
6.77,0,28528
6.78,0,28528
6.79,0,28528
6.8,0,28528
6.81,0,28528
6.82,0,28528
6.83,0,28528
6.84,0,28528
6.85,0,28528
6.86,0,28528
6.87,0,28528
6.88,0,28528
6.89,0,28528
6.9,0,28528
6.91,0,28528
6.92,0,28528
6.93,0,28528
6.94,0,28528
6.95,0,28528
6.96,0,28528
6.97,0,28528
6.98,0,28528
6.99,0,28528
7,0,28528
7.01,0,28528
7.02,0,28528
7.03,0,28528
7.04,0,28528
7.05,0,28528
7.06,0,28528
7.07,0,28528
7.08,0,28528
7.09,0,28528
7.1,0,28528
7.11,0,28528
7.12,0,28528
7.13,0,28528
7.14,0,28528
7.15,0,28528
7.16,0,28528
7.17,0,28528
7.18,0,28528
7.19,0,28528
7.2,0,28528
7.21,0,28528
7.22,0,28528
7.23,0,28528
7.24,0,28528
7.25,0,28528
7.26,0,28528
7.27,0,28528
7.28,0,28528
7.29,0,28528
7.3,0,28528
7.31,0,28528
7.32,0,28528
7.33,0,28528
7.34,0,28528
7.35,0,28528
7.36,0,28528
7.37,0,28528
7.38,0,28528
7.39,0,28528
7.4,0,28528
7.41,0,28528
7.42,0,28528
7.43,0,28528
7.44,0,28528
7.45,0,28528
7.46,0,28528
7.47,0,28528
7.48,0,28528
7.49,0,28528
7.5,0,28528
7.51,0,28528
7.52,0,28528
7.53,0,28528
7.54,0,28528
7.55,0,28528
7.56,0,28528
7.57,0,28528
7.58,0,28528
7.59,0,28528
7.6,0,28528
7.61,0,28528
7.62,0,28528
7.63,0,28528
7.64,0,28528
7.65,0,28528
7.66,0,28528
7.67,0,28528
7.68,0,28528
7.69,0,28528
7.7,0,28528
7.71,0,28528
7.72,0,28528
7.73,0,28528
7.74,0,28528
7.75,0,28528
7.76,0,28528
7.77,0,28528
7.78,1,28529
7.79,1,28530
7.8,1,28531
7.81,1,28532
7.82,1,28533
7.83,2,28535
7.84,2,28537
7.85,2,28539
7.86,2,28541
7.87,1,28542
7.88,3,28545
7.89,3,28548
7.9,3,28551
7.91,3,28554
7.92,4,28558
7.93,4,28562
7.94,4,28566
7.95,4,28570
7.96,4,28574
7.97,5,28579
7.98,5,28584
7.99,5,28589
8,5,28594
8.01,5,28599
8.02,6,28605
8.03,6,28611
8.04,6,28617
8.05,6,28623
8.06,6,28629
8.07,7,28636
8.08,7,28643
8.09,7,28650
8.1,7,28657
8.11,7,28664
8.12,8,28672
8.13,8,28680
8.14,8,28688
8.15,8,28696
8.16,8,28704
8.17,9,28713
8.18,9,28722
8.19,9,28731
8.2,9,28740
8.21,8,28748
8.22,10,28758
8.23,10,28768
8.24,10,28778
8.25,10,28788
8.26,11,28799
8.27,11,28810
8.28,11,28821
8.29,11,28832
8.3,11,28843
8.31,12,28855
8.32,12,28867
8.33,12,28879
8.34,12,28891
8.35,13,28904
8.36,13,28917
8.37,13,28930
8.38,14,28944
8.39,14,28958
8.4,15,28973
8.41,15,28988
8.42,15,29003
8.43,16,29019
8.44,16,29035
8.45,17,29052
8.46,17,29069
8.47,18,29087
8.48,18,29105
8.49,18,29123
8.5,19,29142
8.51,19,29161
8.52,20,29181
8.53,20,29201
8.54,20,29221
8.55,19,29240
8.56,21,29261
8.57,22,29283
8.58,22,29305
8.59,23,29328
8.6,24,29352
8.61,24,29376
8.62,25,29401
8.63,25,29426
8.64,25,29451
8.65,27,29478
8.66,27,29505
8.67,27,29532
8.68,24,29556
8.69,24,29580
8.7,26,29606
8.71,26,29632
8.72,26,29658
8.73,23,29681
8.74,23,29704
8.75,23,29727
8.76,25,29752
8.77,25,29777
8.78,25,29802
8.79,22,29824
8.8,22,29846
8.81,22,29868
8.82,22,29890
8.83,22,29912
8.84,22,29934
8.85,22,29956
8.86,22,29978
8.87,24,30002
8.88,24,30026
8.89,24,30050
8.9,21,30071
8.91,21,30092
8.92,21,30113
8.93,23,30136
8.94,23,30159
8.95,23,30182
8.96,20,30202
8.97,20,30222
8.98,20,30242
8.99,22,30264
9,22,30286
9.01,22,30308
9.02,19,30327
9.03,19,30346
9.04,21,30367
9.05,21,30388
9.06,21,30409
9.07,18,30427
9.08,18,30445
9.09,18,30463
9.1,20,30483
9.11,20,30503
9.12,20,30523
9.13,17,30540
9.14,17,30557
9.15,17,30574
9.16,19,30593
9.17,19,30612
9.18,19,30631
9.19,16,30647
9.2,16,30663
9.21,18,30681
9.22,18,30699
9.23,18,30717
9.24,15,30732
9.25,15,30747
9.26,15,30762
9.27,17,30779
9.28,17,30796
9.29,17,30813
9.3,14,30827
9.31,14,30841
9.32,14,30855
9.33,16,30871
9.34,16,30887
9.35,16,30903
9.36,13,30916
9.37,15,30931
9.38,15,30946
9.39,15,30961
9.4,15,30976
9.41,16,30992
9.42,16,31008
9.43,16,31024
9.44,17,31041
9.45,17,31058
9.46,17,31075
9.47,18,31093
9.48,18,31111
9.49,18,31129
9.5,19,31148
9.51,19,31167
9.52,19,31186
9.53,20,31206
9.54,20,31226
9.55,20,31246
9.56,20,31266
9.57,22,31288
9.58,22,31310
9.59,22,31332
9.6,23,31355
9.61,23,31378
9.62,23,31401
9.63,23,31424
9.64,24,31448
9.65,24,31472
9.66,25,31497
9.67,26,31523
9.68,26,31549
9.69,26,31575
9.7,25,31600
9.71,26,31626
9.72,26,31652
9.73,26,31678
9.74,24,31702
9.75,24,31726
9.76,25,31751
9.77,26,31777
9.78,26,31803
9.79,26,31829
9.8,26,31855
9.81,27,31882
9.82,27,31909
9.83,27,31936
9.84,27,31963
9.85,27,31990
9.86,28,32018
9.87,28,32046
9.88,29,32075
9.89,29,32104
9.9,30,32134
9.91,30,32164
9.92,30,32194
9.93,30,32224
9.94,30,32254
9.95,30,32284
9.96,32,32316
9.97,32,32348
9.98,33,32381
9.99,33,32414
