Time,Source,Sequence
1.00105,1,0
1.00105,2,0
1.00105,3,0
1.00105,4,0
1.00105,5,0
1.00105,6,0
1.00105,7,0
1.00105,8,0
1.00105,9,0
1.00105,10,0
1.00105,11,0
1.00105,12,0
1.00109,1,0
1.00109,2,0
1.00109,3,0
1.00109,4,0
1.00109,5,0
1.00109,6,0
1.00109,7,0
1.00109,8,0
1.00109,9,0
1.00109,10,0
1.00109,11,0
1.00109,12,0
1.10616,1,1
1.10662,2,1
1.10697,1,1
1.10708,3,1
1.10743,2,1
1.10755,4,1
1.10789,3,1
1.10801,5,1
1.10836,4,1
1.10848,6,1
1.10882,5,1
1.10894,7,1
1.10929,6,1
1.1094,8,1
1.10975,7,1
1.10987,9,1
1.11021,8,1
1.11033,10,1
1.11068,9,1
1.1108,11,1
1.11114,10,1
1.11126,12,1
1.11161,11,1
1.11172,1,1
1.11207,12,1
1.11219,2,1
1.11253,1,1
1.11265,3,1
1.113,2,1
1.11312,4,1
1.11346,3,1
1.11358,5,1
1.11393,4,1
1.11404,6,1
1.11439,5,1
1.11451,7,1
1.11485,6,1
1.11497,8,1
1.11532,7,1
1.11544,9,1
1.11578,8,1
1.1159,10,1
1.11625,9,1
1.11636,11,1
1.11671,10,1
1.11683,12,1
1.11717,11,1
1.11764,12,1
1.22129,1,959
1.2221,1,1917
1.22981,2,959
1.23062,2,1917
1.23834,3,959
1.23915,3,1917
1.24687,4,959
1.24768,4,1917
1.2554,5,959
1.25621,5,1917
1.26393,6,959
1.26474,6,1917
1.27245,7,959
1.27326,7,1917
1.28098,8,959
1.28179,8,1917
1.28951,9,959
1.29032,9,1917
1.29804,10,959
1.29885,10,1917
1.30657,11,959
1.30738,11,1917
1.31509,12,959
1.3159,12,1917
1.32362,1,959
1.32443,1,1917
1.33215,2,959
1.33296,2,1917
1.34068,3,959
1.34149,3,1917
1.34921,4,959
1.35002,4,1917
1.35773,5,959
1.35854,5,1917
1.36626,6,959
1.36707,6,1917
1.37479,7,959
1.3756,7,1917
1.38332,8,959
1.38413,8,1917
1.39185,9,959
1.39266,9,1917
1.40037,10,959
1.40118,10,1917
1.4089,11,959
1.40971,11,1917
1.417,12,959
1.41781,12,1917
1.42509,1,2875
1.4259,1,3833
1.43319,1,4791
1.434,1,5749
1.44129,2,2875
1.4421,2,3833
1.44938,2,4791
1.45019,2,5749
1.45748,3,2875
1.45829,3,3833
1.46557,3,4791
1.46638,3,5749
1.47367,4,2875
1.47448,4,3833
1.48177,4,4791
1.48258,4,5749
1.48986,5,2875
1.49067,5,3833
1.49796,5,4791
1.49877,5,5749
1.50605,6,2875
1.50686,6,3833
1.51415,6,4791
1.51496,6,5749
1.52225,7,2875
1.52306,7,3833
1.53034,7,4791
1.53115,7,5749
1.53844,8,2875
1.53925,8,3833
1.54653,8,4791
1.54734,8,5749
1.55463,9,2875
1.55544,9,3833
1.56273,9,4791
1.56354,9,5749
1.57082,10,2875
1.57163,10,3833
1.57892,10,4791
1.57973,10,5749
1.58701,11,2875
1.58782,11,3833
1.59511,11,4791
1.59592,11,5749
1.60321,12,2875
1.60402,12,3833
1.6113,12,4791
1.61211,12,5749
1.6194,1,2875
1.62021,1,3833
1.62749,1,4791
1.6283,1,5749
1.63559,2,2875
1.6364,2,3833
1.64369,2,4791
1.6445,2,5749
1.65178,3,2875
1.65259,3,3833
1.65988,3,4791
1.66069,3,5749
1.66797,4,2875
1.66878,4,3833
1.67607,4,4791
1.67688,4,5749
1.68417,5,2875
1.68498,5,3833
1.69226,5,4791
1.69307,5,5749
1.70036,6,2875
1.70117,6,3833
1.70845,6,4791
1.70926,6,5749
1.71655,7,2875
1.71736,7,3833
1.72465,7,4791
1.72546,7,5749
1.73274,8,2875
1.73355,8,3833
1.74084,8,4791
1.74165,8,5749
1.74893,9,2875
1.74974,9,3833
1.75703,9,4791
1.75784,9,5749
1.76513,10,2875
1.76594,10,3833
1.77322,10,4791
1.77403,10,5749
1.78132,11,2875
1.78213,11,3833
1.78941,11,4791
1.79022,11,5749
1.79751,12,2875
1.79832,12,3833
1.80561,12,4791
1.80642,12,5749
1.8137,1,6707
1.81451,1,7665
1.8218,1,8623
1.82261,1,9581
1.82989,1,10539
1.8307,1,11497
1.83799,1,12455
1.8388,1,13413
1.84609,2,6707
1.8469,2,7665
1.85418,2,8623
1.85499,2,9581
1.86228,2,10539
1.86309,2,11497
1.87037,2,12455
1.87118,2,13413
1.87847,3,6707
1.87928,3,7665
1.88657,3,8623
1.88738,3,9581
1.89466,3,10539
1.89547,3,11497
1.90276,3,12455
1.90357,3,13413
1.91085,4,6707
1.91166,4,7665
1.91895,4,8623
1.91976,4,9581
1.92705,4,10539
1.92786,4,11497
1.93514,4,12455
1.93595,4,13413
1.94324,5,6707
1.94405,5,7665
1.95133,5,8623
1.95214,5,9581
1.95943,5,10539
1.96753,5,11497
1.97562,5,12455
1.98372,5,13413
1.99181,6,6707
1.99991,6,7665
2.00801,6,8623
2.0161,6,9581
2.0242,6,10539
2.03229,6,11497
2.04039,6,12455
2.04849,6,13413
2.05658,7,6707
2.06468,7,7665
2.07277,7,8623
2.08087,7,9581
2.08897,7,10539
2.09706,7,11497
2.10516,7,12455
2.11325,7,13413
2.12135,8,6707
2.12945,8,7665
2.13754,8,8623
2.14564,8,9581
2.15373,8,10539
2.16183,8,11497
2.16993,8,12455
2.17802,8,13413
2.18612,9,6707
2.19421,9,7665
2.20231,9,8623
2.21041,9,9581
2.2185,9,10539
2.2266,9,11497
2.23469,9,12455
2.24279,9,13413
2.25089,10,6707
2.25898,10,7665
2.26708,10,8623
2.27517,10,9581
2.28327,10,10539
2.29137,10,11497
2.29946,10,12455
2.30756,10,13413
2.31565,11,6707
2.32375,11,7665
2.33185,11,8623
2.33994,11,9581
2.34804,11,10539
2.35613,11,11497
2.36423,11,12455
2.37233,11,13413
2.38042,12,6707
2.38852,12,7665
2.39661,12,8623
2.40471,12,9581
2.41281,12,10539
2.4209,12,11497
2.429,12,12455
2.43709,12,13413
2.44519,1,6707
2.45329,1,7665
2.46138,1,8623
2.46948,1,9581
2.47757,1,10539
2.48567,1,11497
2.49377,1,12455
2.50186,1,13413
2.50996,2,6707
2.51805,2,7665
2.52615,2,8623
2.53425,2,9581
2.54234,2,10539
2.55044,2,11497
2.55853,2,12455
2.56663,2,13413
2.57473,3,6707
2.58282,3,7665
2.59092,3,8623
2.59901,3,9581
2.60711,3,10539
2.61521,3,11497
2.6233,3,12455
2.6314,3,13413
2.63949,4,6707
2.64759,4,7665
2.65569,4,8623
2.66378,4,9581
2.67188,4,10539
2.67997,4,11497
2.68807,4,12455
2.69617,4,13413
2.70426,5,6707
2.71236,5,7665
2.72045,5,8623
2.72855,5,9581
2.73665,5,10539
2.74474,5,11497
2.75284,5,12455
2.76093,5,13413
2.76903,6,6707
2.77713,6,7665
2.78522,6,8623
2.79332,6,9581
2.80141,6,10539
2.80951,6,11497
2.81761,6,12455
2.8257,6,13413
2.8338,7,6707
2.84189,7,7665
2.84999,7,8623
2.85809,7,9581
2.86618,7,10539
2.87428,7,11497
2.88237,7,12455
2.89047,7,13413
2.89857,8,6707
2.90666,8,7665
2.91476,8,8623
2.92285,8,9581
2.93095,8,10539
2.93905,8,11497
2.94714,8,12455
2.95524,8,13413
2.96333,9,6707
2.97143,9,7665
2.97953,9,8623
2.98762,9,9581
2.99572,9,10539
3.00381,9,11497
3.01191,9,12455
3.02001,9,13413
3.0281,10,6707
3.0362,10,7665
3.04429,10,8623
3.05239,10,9581
3.06049,10,10539
3.06858,10,11497
3.07668,10,12455
3.08477,10,13413
3.09287,11,6707
3.10097,11,7665
3.10906,11,8623
3.11716,11,9581
3.12525,11,10539
3.13335,11,11497
3.14145,11,12455
3.14954,11,13413
3.15764,12,6707
3.16573,12,7665
3.17383,12,8623
3.18193,12,9581
3.19002,12,10539
3.19812,12,11497
3.20621,12,12455
3.21431,12,13413
3.22241,1,14371
3.2305,1,15329
3.2386,1,16287
3.24669,1,17245
3.25479,1,18203
3.26289,1,19161
3.27098,1,20119
3.27908,1,21077
3.28717,1,22035
3.29527,1,22993
3.30337,1,23951
3.31146,1,24909
3.31956,1,25867
3.32765,1,26825
3.33575,1,27783
3.34385,1,28741
3.35194,2,14371
3.36004,2,15329
3.36813,2,16287
3.37623,2,17245
3.38433,2,18203
3.39242,2,19161
3.40052,2,20119
3.40861,2,21077
3.41671,2,22035
3.42481,2,22993
3.4329,2,23951
3.441,2,24909
3.44909,2,25867
3.45719,2,26825
3.46529,2,27783
3.47338,2,28741
3.48148,3,14371
3.48957,3,15329
3.49767,3,16287
3.50577,3,17245
3.51386,3,18203
3.52196,3,19161
3.53005,3,20119
3.53815,3,21077
3.54625,3,22035
3.55434,3,22993
3.56244,3,23951
3.57053,3,24909
3.57863,3,26825
3.58673,3,28741
3.59482,4,15329
3.60292,4,17245
3.61101,4,19161
3.61911,4,21077
3.62721,4,22993
3.6353,4,24909
3.6434,4,26825
3.65149,4,28741
3.65959,5,15329
3.66769,5,17245
3.67578,5,19161
3.68388,5,21077
3.69197,5,22993
3.70007,5,24909
3.70817,5,26825
3.71626,5,28741
3.72436,6,15329
3.73245,6,17245
3.74055,6,19161
3.74865,6,21077
3.75674,6,22993
3.76484,6,24909
3.77293,6,26825
3.78103,6,28741
3.78913,7,15329
3.79722,7,17245
3.80532,7,19161
3.81341,7,21077
3.82151,7,22993
3.82961,7,24909
3.8377,7,26825
3.8458,7,28741
3.85389,8,15329
3.86199,8,17245
3.87009,8,19161
3.87818,8,21077
3.88628,8,22993
3.89437,8,24909
3.90247,8,26825
3.91057,8,28741
3.91866,9,15329
3.92676,9,17245
3.93485,9,19161
3.94295,9,21077
3.95105,9,22993
3.95914,9,24909
3.96724,9,26825
3.97533,9,28741
3.98343,10,15329
3.99153,10,17245
3.99962,10,19161
4.00772,10,21077
4.01581,10,22993
4.02391,10,24909
4.03201,10,26825
4.0401,10,28741
4.0482,11,15329
4.05629,11,17245
4.06439,11,19161
4.07249,11,21077
4.08058,11,22993
4.08868,11,24909
4.09677,11,26825
4.10487,11,28741
4.11297,12,15329
4.12106,12,17245
4.12916,12,19161
4.13725,12,21077
4.14535,12,22993
4.15345,12,24909
4.16154,12,26825
4.16964,12,28741
4.17773,1,15329
4.18583,1,17245
4.19393,1,19161
4.20202,1,21077
4.21012,1,22993
4.21821,1,24909
4.22631,1,26825
4.23441,1,28741
4.2425,2,15329
4.2506,2,17245
4.25869,2,19161
4.26679,2,21077
4.27489,2,22993
4.28298,2,24909
4.29108,2,26825
4.29917,2,28741
4.30727,3,15329
4.31537,3,17245
4.32346,3,19161
4.33156,3,21077
4.33965,3,22993
4.34775,3,24909
4.35585,3,26825
4.36394,3,28741
4.37204,4,15329
4.38013,4,17245
4.38823,4,19161
4.39633,4,21077
4.40442,4,22993
4.41252,4,24909
4.42061,4,26825
4.42871,4,28741
4.43681,5,15329
4.4449,5,17245
4.453,5,19161
4.46109,5,21077
4.46919,5,22993
4.47729,5,24909
4.48538,5,26825
4.49348,5,28741
4.50157,6,15329
4.50967,6,17245
4.51777,6,19161
4.52586,6,21077
4.53396,6,22993
4.58253,6,24909
4.58253,6,26825
4.58253,6,28741
4.58253,7,15329
4.58253,7,17245
4.58253,7,19161
4.59063,7,21077
4.59873,7,22993
4.6473,7,24909
4.6473,7,26825
4.6473,7,28741
4.6473,8,15329
4.6473,8,17245
4.6473,8,19161
4.6554,8,21077
4.66349,8,22993
4.71207,8,24909
4.71207,8,26825
4.71207,8,28741
4.71207,9,15329
4.71207,9,17245
4.71207,9,19161
4.72017,9,21077
4.72826,9,22993
4.77684,9,24909
4.77684,9,26825
4.77684,9,28741
4.77684,10,15329
4.77684,10,17245
4.77684,10,19161
4.78493,10,21077
4.79303,10,22993
4.83983,10,24909
4.83983,10,26825
4.83983,10,28741
4.83983,11,15329
4.83983,11,17245
4.84161,11,19161
4.8497,11,21077
4.8578,11,22993
4.90637,11,24909
4.90637,11,26825
4.90637,11,28741
4.90637,12,15329
4.90637,12,17245
4.90637,12,19161
4.91447,12,21077
4.92257,12,22993
4.97114,12,24909
4.97114,12,26825
4.97114,12,28741
4.97114,1,30657
4.97114,1,32573
4.97114,1,34489
4.97924,1,36405
4.98733,1,38321
5.03591,1,40237
5.03591,1,42153
5.03591,1,44069
5.03591,1,45985
5.03591,1,47901
5.03591,1,49817
5.04401,1,51733
5.0521,1,53649
5.10068,1,55565
5.10068,1,57481
5.10068,1,59397
5.10068,2,30657
5.10068,2,32573
5.10068,2,34489
5.10877,2,36405
5.11687,2,38321
5.16545,2,40237
5.16545,2,42153
5.16545,2,44069
5.16545,2,45985
5.16545,2,47901
5.16545,2,49817
5.17354,2,51733
5.18164,2,53649
5.23021,2,55565
5.23021,2,57481
5.23021,2,59397
5.23021,3,30657
5.23021,3,32573
5.23021,3,34489
5.23831,3,36405
5.24641,3,38321
5.25837,3,40237
5.29498,3,42153
5.29498,3,44069
5.29498,3,45985
5.29498,3,47901
5.29498,3,49817
5.30308,3,51733
5.31117,3,53649
5.35975,4,29699
5.35975,4,30657
5.35975,4,14371
5.35975,5,29699
5.35975,5,30657
5.35975,5,14371
5.36785,6,29699
5.37594,6,30657
5.39794,6,14371
5.39794,7,30657
5.42452,7,14371
5.42452,8,29699
5.42452,8,30657
5.42452,8,14371
5.43261,4,14371
5.44071,9,29699
5.48929,9,30657
5.48929,9,14371
5.48929,10,29699
5.48929,10,30657
5.48929,10,14371
5.48929,11,29699
5.49738,11,30657
5.50548,5,14371
5.53402,11,14371
5.53402,12,29699
5.53402,12,30657
5.55405,12,14371
5.55405,1,29699
5.55405,1,30657
5.56215,1,14371
5.57025,6,14371
5.61882,2,29699
5.61882,2,30657
5.61882,2,14371
5.61882,3,29699
5.61882,3,30657
5.61882,3,14371
5.62692,7,14371
5.63501,4,29699
5.67465,4,30657
5.67465,4,14371
5.67465,5,29699
5.67465,5,30657
5.67465,5,14371
5.68359,8,14371
5.69169,6,29699
5.69978,6,30657
5.74836,6,14371
5.74836,7,29699
5.74836,7,30657
5.74836,7,14371
5.74836,9,14371
5.74836,8,29699
5.75645,8,30657
5.76455,8,14371
5.81313,9,29699
5.81313,9,30657
5.81313,9,14371
5.81313,10,14371
5.81313,10,29699
5.81313,10,30657
5.82122,10,14371
5.82932,11,29699
5.87789,11,30657
5.87789,11,14371
5.87789,12,29699
5.87789,11,14371
5.87789,12,30657
5.87789,12,14371
5.88599,1,60355
5.89409,1,61313
5.95271,1,29699
5.95271,12,14371
6.00743,2,60355
6.01553,2,61313
6.02362,2,29699
6.09139,1,14371
6.13697,3,25867
6.22901,2,14371
6.25841,4,16287
6.25922,4,17245
6.28269,5,16287
6.2835,5,17245
6.30698,6,16287
6.30779,6,17245
6.32317,7,16287
6.32398,7,17245
6.34746,8,16287
6.34827,8,17245
6.36995,3,14371
6.37985,9,16287
6.38066,9,17245
6.40413,10,16287
6.40494,10,17245
6.43652,11,16287
6.43733,11,17245
6.46081,12,16287
6.46162,12,17245
6.48509,1,16287
6.4859,1,17245
6.51034,4,14371
6.51748,2,16287
6.51829,2,17245
6.54177,3,16287
6.54258,3,17245
6.57415,4,16287
6.57496,4,17245
6.59844,5,16287
6.63082,6,16287
6.65511,7,16287
6.68251,1,29699
6.68749,8,16287
6.71178,9,16287
6.74417,10,16287
6.76845,11,16287
6.80084,12,16287
6.82513,1,31615
6.82594,1,32573
6.85751,2,31615
6.8737,3,27783
6.88989,4,18203
6.8907,4,19161
6.89151,4,20119
6.90609,5,18203
6.9069,5,19161
6.90771,5,20119
6.92228,6,18203
6.92309,6,19161
6.9239,6,20119
6.93847,7,18203
6.93928,7,19161
6.94009,7,20119
6.95466,8,18203
6.95547,8,19161
6.95628,8,20119
6.97895,9,18203
6.97976,9,19161
6.98057,9,20119
6.99514,10,18203
6.99595,10,19161
6.99676,10,20119
7.01133,11,18203
7.01214,11,19161
7.01295,11,20119
7.02753,12,18203
7.02834,12,19161
7.02915,12,20119
7.04372,1,18203
7.04453,1,19161
7.04534,1,20119
7.06801,2,18203
7.06882,2,19161
7.06963,2,20119
7.0842,3,18203
7.08501,3,19161
7.08582,3,20119
7.10039,4,18203
7.1012,4,19161
7.10201,4,20119
7.11658,5,18203
7.11739,5,31615
7.12468,6,18203
7.12549,6,31615
7.13277,7,18203
7.13358,7,31615
7.14897,8,18203
7.14978,8,31615
7.15706,9,18203
7.15787,9,31615
7.16516,10,18203
7.16597,10,31615
7.17325,11,18203
7.17406,11,31615
7.18135,12,18203
7.18216,12,31615
7.18945,1,33531
7.19026,1,34489
7.19107,1,35447
7.20564,2,33531
7.20645,2,62271
7.21373,3,29699
7.22183,4,21077
7.22264,4,22035
7.22345,4,22993
7.23802,4,23951
7.23883,4,24909
7.23964,4,25867
7.24612,5,21077
7.24693,5,22035
7.24774,5,22993
7.26231,5,23951
7.26312,5,24909
7.26393,5,25867
7.27041,6,21077
7.27122,6,22035
7.27203,6,22993
7.2866,6,23951
7.28741,6,24909
7.28822,6,25867
7.29469,7,21077
7.2955,7,22035
7.29631,7,22993
7.31089,7,23951
7.3117,7,24909
7.31251,7,25867
7.31898,8,21077
7.31979,8,22035
7.3206,8,22993
7.33517,8,23951
7.33598,8,24909
7.33679,8,25867
7.34327,9,21077
7.34408,9,22035
7.34489,9,22993
7.35946,9,23951
7.36027,9,24909
7.36108,9,25867
7.36756,10,21077
7.36837,10,22035
7.36918,10,22993
7.38375,10,23951
7.38456,10,24909
7.38537,10,25867
7.39185,11,21077
7.39266,11,22035
7.39347,11,22993
7.40804,11,23951
7.40885,11,24909
7.40966,11,25867
7.41613,12,21077
7.41694,12,22035
7.41775,12,22993
7.43233,12,23951
7.43314,12,24909
7.43395,12,25867
7.44042,1,21077
7.44123,1,22035
7.44204,1,22993
7.45661,1,23951
7.45742,1,24909
7.45823,1,25867
7.46471,2,21077
7.46552,2,22035
7.46633,2,22993
7.4809,2,23951
7.48171,2,24909
7.48252,2,25867
7.489,3,21077
7.48981,3,22035
7.49062,3,22993
7.50519,3,23951
7.506,3,24909
7.50681,3,25867
7.51329,4,21077
7.5141,4,22035
7.51491,4,22993
7.52948,4,23951
7.53029,4,24909
7.5311,4,25867
7.53757,5,20119
7.53838,5,32573
7.54567,5,33531
7.55377,6,20119
7.55458,6,32573
7.56186,6,33531
7.56996,7,20119
7.57077,7,32573
7.57805,7,33531
7.58615,8,20119
7.58696,8,32573
7.59425,8,33531
7.60234,9,20119
7.60315,9,32573
7.61044,9,33531
7.61853,10,20119
7.61934,10,32573
7.62663,10,33531
7.63473,11,20119
7.63554,11,32573
7.64282,11,33531
7.65092,12,20119
7.65173,12,32573
7.65901,12,33531
7.66711,1,36405
7.66792,1,37363
7.66873,1,38321
7.6833,1,39279
7.68411,1,40237
7.68492,1,41195
7.6914,2,35447
7.69221,2,63229
7.69949,2,64187
7.70759,3,31615
7.7084,3,54607
7.72378,4,26825
7.72459,4,27783
7.7254,4,28741
7.73997,4,29699
7.74078,4,30657
7.75617,4,31615
7.75698,4,32573
7.77236,5,26825
7.77317,5,27783
7.78855,5,28741
7.78855,5,29699
7.80474,5,30657
7.80474,5,31615
7.82093,5,32573
7.82093,6,26825
7.83713,6,27783
7.83713,6,28741
7.85332,6,29699
7.85332,6,30657
7.86951,6,31615
7.86951,6,32573
7.8857,7,26825
7.8857,7,27783
7.90189,7,28741
7.90189,7,29699
7.91809,7,30657
7.91809,7,31615
7.93428,7,32573
7.93428,8,26825
7.95047,8,27783
7.95047,8,28741
7.96666,8,29699
7.96666,8,30657
7.98285,8,31615
7.98285,8,32573
7.99905,9,26825
7.99905,9,27783
8.01524,9,28741
8.01524,9,29699
8.03143,9,30657
8.03143,9,31615
8.04762,9,32573
8.04762,10,26825
8.06381,10,27783
8.06381,10,28741
8.08001,10,29699
8.08001,10,30657
8.0962,10,31615
8.0962,10,32573
8.11239,11,26825
8.11239,11,27783
8.12858,11,28741
8.12858,11,29699
8.14477,11,30657
8.14477,11,31615
8.16097,11,32573
8.16097,12,26825
8.17716,12,27783
8.17716,12,28741
8.19335,12,29699
8.19335,12,30657
8.20954,12,31615
8.20954,12,32573
8.22573,1,26825
8.22573,1,27783
8.24193,1,28741
8.24193,1,29699
8.25812,1,30657
8.25812,1,31615
8.27431,1,32573
8.27431,2,26825
8.2905,2,27783
8.2905,2,28741
8.30669,2,29699
8.30669,2,30657
8.32289,2,31615
8.32289,2,32573
8.33908,3,26825
8.33908,3,27783
8.34717,3,28741
8.35527,3,29699
8.36337,3,30657
8.37146,3,31615
8.37956,3,32573
8.38765,4,26825
8.39575,4,27783
8.40385,4,28741
8.41194,4,29699
8.42004,4,30657
8.42813,4,31615
8.43623,4,32573
8.44433,5,22035
8.45242,5,34489
8.46052,5,35447
8.46861,5,36405
8.47671,6,22035
8.48481,6,34489
8.4929,6,35447
8.501,6,36405
8.50909,7,22035
8.51719,7,34489
8.52529,7,35447
8.53338,7,36405
8.54957,8,22035
8.54957,8,34489
8.56577,8,35447
8.56577,8,36405
8.58196,9,22035
8.58196,9,34489
8.59005,9,35447
8.59815,9,36405
8.60625,10,22035
8.61434,10,34489
8.62244,10,35447
8.63863,10,36405
8.63863,11,22035
8.67101,11,34489
8.67101,11,35447
8.67101,11,36405
8.67101,12,22035
8.67911,12,34489
8.6953,12,35447
8.6953,12,36405
8.72769,1,42153
8.72769,1,43111
8.72769,1,44069
8.72769,1,45027
8.73578,1,45985
8.75197,1,46943
8.75197,1,47901
8.78436,1,48859
8.78436,1,49817
8.78436,2,37363
8.78436,2,65145
8.79245,2,66103
8.80865,2,67061
8.80865,3,33531
8.82484,3,55565
8.82484,3,56523
8.84103,4,33531
8.84103,4,34489
8.84913,4,35447
8.86532,4,36405
8.86532,4,37363
8.8977,4,38321
8.8977,5,33531
8.8977,5,34489
8.8977,5,35447
8.9058,5,36405
8.92199,5,37363
8.92199,5,38321
8.95437,6,33531
8.95437,6,34489
8.95437,6,35447
8.95437,6,36405
8.96247,6,37363
8.97866,6,38321
8.97866,7,33531
9.01105,7,34489
9.01105,7,35447
9.01105,7,36405
9.01105,7,37363
9.01914,7,38321
9.03533,7,39279
9.03533,8,33531
9.06772,8,34489
9.06772,8,35447
9.06772,8,36405
9.06772,8,37363
9.07581,8,38321
9.09201,9,33531
9.09201,9,34489
9.12439,9,35447
9.12439,9,36405
9.12439,9,37363
9.12439,9,38321
9.13249,10,33531
9.14868,10,34489
9.14868,10,35447
9.18106,10,36405
9.18106,10,37363
9.18106,10,38321
9.18106,11,33531
9.18916,11,34489
9.20535,11,35447
9.20535,11,36405
9.23773,11,37363
9.23773,11,38321
9.23773,12,33531
9.23773,12,34489
9.24583,12,35447
9.26202,12,36405
9.26202,12,37363
9.29441,12,38321
9.29441,1,33531
9.29441,1,34489
9.29441,1,35447
9.3025,1,36405
9.31869,1,37363
9.31869,1,38321
9.35108,2,33531
9.35108,2,34489
9.35108,2,35447
9.35108,2,36405
9.35917,2,37363
9.36727,2,38321
9.37537,3,33531
9.38346,3,34489
9.39156,3,35447
9.39965,3,36405
9.40775,3,37363
9.41585,3,38321
9.42394,4,33531
9.43204,4,34489
9.44013,4,35447
9.44823,4,36405
9.45633,4,37363
9.46442,4,38321
9.47252,5,23951
9.48061,5,37363
9.48871,2,37363
9.49681,5,38321
9.5049,5,39279
9.513,5,40237
9.52109,6,23951
9.52919,6,37363
9.53729,6,38321
9.54538,6,39279
9.55348,6,40237
9.56139,7,23951
9.56967,7,37363
9.57777,7,38321
9.58586,7,39279
9.59396,7,40237
9.60205,8,23951
9.61015,8,37363
9.61825,8,38321
9.63444,8,39279
9.63444,8,40237
9.65063,9,23951
9.65063,9,37363
9.66682,9,38321
9.66682,9,39279
9.68301,9,40237
9.68301,10,23951
9.69921,10,37363
9.69921,10,38321
9.73159,10,39279
9.73159,10,40237
9.73159,5,23951
9.73159,11,23951
9.73969,11,37363
9.74778,11,38321
9.75588,11,39279
9.76397,11,40237
9.77207,12,23951
9.78017,12,37363
9.78826,12,38321
9.79636,12,39279
9.80445,12,40237
9.81255,1,50775
9.82065,1,51733
9.82874,1,52691
9.83684,1,53649
9.84493,1,54607
9.85303,1,55565
9.86113,1,56523
9.86922,1,57481
9.87732,6,23951
9.88541,1,58439
9.89351,1,59397
9.90161,2,39279
9.9097,2,40237
9.9178,3,35447
9.92589,3,57481
9.93399,3,58439
9.94209,3,59397
9.95018,4,39279
9.95828,4,40237
9.96637,4,41195
9.97389,7,23951
9.98257,4,42153
9.99066,4,43111
9.99876,4,44069
